0.004927978975059464
0.004927978975059464
0.006074230651319762
0.00919569851852326
0.00919569851852326
0.00919569851852326
0.018909239795617594
0.018909239795617594
0.018909239795617594
0.018909239795617594
0.018909239795617594
0.018909239795617594
0.018909239795617594
0.018909239795617594
0.018909239795617594
0.018909239795617594
0.018909239795617594
0.018909239795617594
0.018909239795617594
0.018909239795617594
0.2234504174812909
0.2234504174812909
0.2234504174812909
0.2234504174812909
0.2234504174812909
0.2234504174812909
0.2822408418697846
0.2822408418697846
0.5713169929908621
0.5713169929908621
0.5713169929908621
0.5713169929908621
0.5713169929908621
0.5713169929908621
0.5713169929908621
0.5713169929908621
0.5713169929908621
0.5713169929908621
0.5713169929908621
0.5713169929908621
0.5713169929908621
0.5713169929908621
0.5713169929908621
0.5713169929908621
0.5713169929908621
0.5713169929908621
0.5713169929908621
0.5713169929908621
0.5713169929908621
0.5713169929908621
0.5713169929908621
0.5713169929908621
0.5713169929908621
0.5713169929908621
0.5713169929908621
0.5713169929908621
0.9465380854944326
1.138091200526186
1.138091200526186
1.138091200526186
1.138091200526186
1.138091200526186
1.138091200526186
1.138091200526186
1.15813386256258
1.15813386256258
1.15813386256258
1.15813386256258
1.4152168879137037
1.4152168879137037
1.4152168879137037
1.4152168879137037
1.4152168879137037
1.4152168879137037
1.4152168879137037
1.4152168879137037
1.4152168879137037
1.4152168879137037
1.4152168879137037
1.4152168879137037
1.4152168879137037
1.4152168879137037
1.4152168879137037
1.4152168879137037
1.4152168879137037
1.4152168879137037
1.4152168879137037
1.4152168879137037
1.4152168879137037
1.4152168879137037
1.4152168879137037
1.4152168879137037
1.4152168879137037
1.4152168879137037
1.4152168879137037
1.4152168879137037
1.4152168879137037
1.4152168879137037
1.4152168879137037
1.4152168879137037
1.4152168879137037
1.4152168879137037
1.4152168879137037
1.4152168879137037
1.4152168879137037
1.4152168879137037
1.4152168879137037
1.7379479146036534
1.7379479146036534
1.7379479146036534
1.7379479146036534
1.7379479146036534
1.7379479146036534
1.7379479146036534
1.7379479146036534
1.7379479146036534
1.7379479146036534
1.7379479146036534
1.7379479146036534
1.7379479146036534
1.7379479146036534
1.7379479146036534
1.7379479146036534
1.7379479146036534
1.7379479146036534
1.7379479146036534
1.7379479146036534
1.7379479146036534
1.7379479146036534
1.8103393320245256
1.8103393320245256
1.8103393320245256
1.8103393320245256
1.8103393320245256
1.8103393320245256
1.8103393320245256
1.8103393320245256
1.8103393320245256
1.8103393320245256
1.8103393320245256
1.8103393320245256
1.8103393320245256
1.8103393320245256
1.8103393320245256
1.8103393320245256
1.8103393320245256
1.8103393320245256
1.8103393320245256
1.8103393320245256
1.8103393320245256
2.122075321921586
2.122075321921586
2.122075321921586
2.122075321921586
2.122075321921586
2.122075321921586
2.122075321921586
2.122075321921586
2.122075321921586
2.122075321921586
2.122075321921586
2.122075321921586
2.122075321921586
2.122075321921586
2.122075321921586
2.122075321921586
2.122075321921586
2.122075321921586
2.122075321921586
2.122075321921586
2.122075321921586
2.122075321921586
2.122075321921586
2.122075321921586
2.122075321921586
2.122075321921586
2.122075321921586
2.122075321921586
2.122075321921586
2.122075321921586
2.122075321921586
2.122075321921586
2.122075321921586
2.122075321921586
2.122075321921586
2.122075321921586
2.122075321921586
2.122075321921586
2.122075321921586
2.122075321921586
2.122075321921586
2.122075321921586
2.122075321921586
2.122075321921586
2.122075321921586
2.122075321921586
2.122075321921586
2.122075321921586
2.122075321921586
2.122075321921586
2.122075321921586
2.122075321921586
2.122075321921586
2.122075321921586
2.122075321921586
2.122075321921586
2.122075321921586
2.122075321921586
2.122075321921586
2.122075321921586
2.122075321921586
2.122075321921586
2.122075321921586
2.122075321921586
2.122075321921586
2.122075321921586
2.122075321921586
2.122075321921586
2.122075321921586
2.122075321921586
2.122075321921586
2.122075321921586
2.122075321921586
2.122075321921586
2.122075321921586
2.122075321921586
2.122075321921586
2.122075321921586
2.122075321921586
2.122075321921586
2.122075321921586
2.122075321921586
2.122075321921586
2.122075321921586
2.122075321921586
2.122075321921586
2.122075321921586
2.122075321921586
2.122075321921586
2.122075321921586
2.122075321921586
2.122075321921586
2.122075321921586
2.122075321921586
2.122075321921586
2.122075321921586
2.122075321921586
2.122075321921586
2.122075321921586
2.122075321921586
2.1528694167759914
2.1528694167759914
2.1528694167759914
2.1528694167759914
2.1528694167759914
2.1528694167759914
2.1528694167759914
2.1528694167759914
2.1528694167759914
2.1528694167759914
2.1528694167759914
2.1528694167759914
2.1528694167759914
2.1528694167759914
2.1528694167759914
2.1528694167759914
2.1528694167759914
2.1528694167759914
2.1528694167759914
2.1528694167759914
2.1528694167759914
2.1528694167759914
2.1528694167759914
2.1528694167759914
2.1528694167759914
2.1528694167759914
2.1528694167759914
2.1528694167759914
2.1528694167759914
2.1528694167759914
2.1528694167759914
2.1528694167759914
2.1528694167759914
2.1528694167759914
2.1528694167759914
2.1528694167759914
2.1528694167759914
2.1528694167759914
2.1528694167759914
2.1528694167759914
2.1528694167759914
2.1528694167759914
2.1528694167759914
2.1528694167759914
2.1528694167759914
2.1528694167759914
2.1528694167759914
2.1528694167759914
2.1528694167759914
2.1528694167759914
2.1528694167759914
2.1528694167759914
2.1528694167759914
2.1528694167759914
2.1528694167759914
2.1528694167759914
2.1528694167759914
2.1528694167759914
2.1528694167759914
2.1528694167759914
2.1528694167759914
2.1528694167759914
2.1528694167759914
2.1528694167759914
2.1528694167759914
2.1528694167759914
2.1528694167759914
2.1528694167759914
2.1528694167759914
2.1528694167759914
2.1528694167759914
2.1528694167759914
2.1528694167759914
2.1528694167759914
2.1528694167759914
2.1528694167759914
2.1528694167759914
2.1714573359788254
2.1714573359788254
2.1714573359788254
2.1714573359788254
2.1714573359788254
2.1714573359788254
2.1714573359788254
2.1714573359788254
2.1714573359788254
2.1714573359788254
2.1714573359788254
2.2914424506018802
2.2914424506018802
2.2914424506018802
2.2914424506018802
2.2914424506018802
2.2914424506018802
2.2914424506018802
2.2914424506018802
2.2914424506018802
2.2914424506018802
2.2914424506018802
2.2914424506018802
2.2914424506018802
2.2914424506018802
2.2914424506018802
2.2914424506018802
2.2914424506018802
2.2914424506018802
2.2914424506018802
2.2914424506018802
2.2914424506018802
2.2914424506018802
2.2914424506018802
2.2914424506018802
2.2914424506018802
2.2914424506018802
2.2914424506018802
2.2914424506018802
2.2914424506018802
2.2914424506018802
2.2914424506018802
2.2914424506018802
2.2914424506018802
2.2914424506018802
2.2914424506018802
2.2914424506018802
2.2914424506018802
2.2914424506018802
2.2914424506018802
2.2914424506018802
2.2914424506018802
2.2914424506018802
2.2914424506018802
2.2914424506018802
2.2914424506018802
2.2914424506018802
2.2914424506018802
2.2914424506018802
2.2914424506018802
2.2914424506018802
2.2914424506018802
2.2914424506018802
2.2914424506018802
2.2914424506018802
2.2914424506018802
2.2914424506018802
2.2914424506018802
2.2914424506018802
2.2914424506018802
2.2914424506018802
2.2914424506018802
2.2914424506018802
2.2914424506018802
2.2914424506018802
2.2914424506018802
2.2914424506018802
2.2914424506018802
2.2914424506018802
2.2914424506018802
2.2914424506018802
2.2914424506018802
2.2914424506018802
2.2914424506018802
2.2914424506018802
2.2914424506018802
2.2914424506018802
2.2914424506018802
2.2914424506018802
2.2914424506018802
2.2914424506018802
2.2914424506018802
2.2914424506018802
2.2914424506018802
2.2914424506018802
2.2914424506018802
2.2914424506018802
2.2914424506018802
2.2914424506018802
2.2914424506018802
2.2914424506018802
2.2914424506018802
2.2914424506018802
2.2914424506018802
2.2914424506018802
2.2914424506018802
2.2914424506018802
2.2914424506018802
2.2914424506018802
2.2914424506018802
2.2914424506018802
2.2914424506018802
2.2914424506018802
2.2914424506018802
2.3920668996153864
2.3920668996153864
2.3920668996153864
2.3920668996153864
2.3920668996153864
2.3920668996153864
2.3920668996153864
2.3920668996153864
2.3920668996153864
2.3920668996153864
2.3920668996153864
2.3920668996153864
2.3920668996153864
2.3920668996153864
2.3920668996153864
2.3920668996153864
2.3920668996153864
2.3920668996153864
2.3920668996153864
2.3920668996153864
2.3920668996153864
2.3920668996153864
2.3920668996153864
2.3920668996153864
2.3920668996153864
2.3920668996153864
2.3920668996153864
2.3920668996153864
2.3920668996153864
2.3920668996153864
2.3920668996153864
2.3920668996153864
2.3920668996153864
2.3920668996153864
2.3920668996153864
2.3920668996153864
2.3920668996153864
2.3920668996153864
2.3920668996153864
2.3920668996153864
2.3920668996153864
2.3920668996153864
2.3920668996153864
2.3920668996153864
2.3920668996153864
2.3920668996153864
2.3920668996153864
2.3920668996153864
2.3920668996153864
2.3920668996153864
2.3920668996153864
2.3920668996153864
2.3920668996153864
2.3920668996153864
2.3920668996153864
2.3920668996153864
2.3920668996153864
2.3920668996153864
2.3920668996153864
2.3920668996153864
2.3920668996153864
2.3920668996153864
2.3920668996153864
2.3920668996153864
2.3920668996153864
2.3920668996153864
2.3920668996153864
2.3920668996153864
2.3920668996153864
2.3920668996153864
2.3920668996153864
2.3920668996153864
2.3920668996153864
2.3920668996153864
2.3920668996153864
2.3920668996153864
2.3920668996153864
2.3920668996153864
2.3920668996153864
2.3920668996153864
2.3920668996153864
2.3920668996153864
2.3920668996153864
2.3920668996153864
